id,length,bottom_diam_x,bottom_diam_y,middle_diam_x,middle_diam_y,top_diam_x,top_diam_y,bend
1,3.0156536197643304,0.20532991290429453,0.20878232259832621,0.20382815420137348,0.20725531337914707,0.2023263954984524,0.2057283041599679,0.03963401612173009
2,2.9779457154760136,0.1908361686594116,0.18874843903908672,0.1884516633995108,0.18639002004100877,0.18606715813961003,0.18403160104293081,0.01218379069354506
3,2.994001224922532,0.18948681030757247,0.18724799180237506,0.1876079790487515,0.18539135925059635,0.18572914778993055,0.18353472669881768,0.03891146285595262
4,2.9820598288640543,0.15648789851208045,0.14875553035659472,0.1546906664910441,0.14704710302767587,0.15289343447000775,0.14533867569875705,0.012138155184465515
5,3.019393274934896,0.18373060995367055,0.19109995584423262,0.18221270021327055,0.18952116347839268,0.18069479047287054,0.18794237111255274,0.005831383971850025
6,3.0064787727812,0.21121708055400668,0.20845544977294928,0.20969268734705784,0.20695098777228216,0.20816829414010904,0.2054465257716151,0.022848402975049215
7,2.976836954491868,0.19243989193517463,0.19027831835434633,0.1914854181971266,0.18933456570533558,0.1905309444590786,0.18839081305632482,0.008135295048900927
8,3.0192579872641003,0.20854540766325547,0.20608924862605751,0.20725057702693053,0.20480966795377967,0.20595574639060563,0.20353008728150185,0.00812674349504868
9,2.992652588293634,0.2125130368667796,0.2188005221329919,0.211156669627542,0.21740402493675018,0.2098003023883044,0.21600752774050846,0.029021642487755232
10,2.978340523470372,0.19211012595066,0.18478562060463402,0.1905668425364388,0.18330117733515772,0.1890235591222176,0.1818167340656814,0.015920625775230506
11,2.9700951483402434,0.2420160581219269,0.2518060693649151,0.24005038726578382,0.24976088337274766,0.2380847164096407,0.24771569738058014,0.014222911578955494
12,2.990082049231889,0.1836465611389978,0.19070706657962205,0.1818550842848823,0.18884671431615077,0.1800636074307668,0.18698636205267946,0.08353382604284415
13,3.00440469921905,0.19485480911766506,0.19860008603717777,0.1935699984975345,0.19729058025256394,0.19228518787740395,0.19598107446795007,0.04284995727140437
14,3.0225981326997293,0.19017544237305242,0.1878366926238843,0.18826928671190274,0.18595397858599974,0.18636313105075306,0.1840712645481152,0.02476156857687969
15,2.9804105675915182,0.1897865872297356,0.1894174436681028,0.18856901303831589,0.188202237713976,0.18735143884689617,0.1869870317598492,0.06578778675814022
16,2.976828365556231,0.17981178867495193,0.177720090107404,0.17816418393468403,0.17609165147688063,0.17651657919441616,0.1744632128463573,0.03246377341162801
17,2.986499577182999,0.21412753446992336,0.2165910044429975,0.212762540619034,0.21521030676693953,0.2113975467681446,0.21382960909088156,0.009201300170712284
18,2.981881637384359,0.1828508801541468,0.18042694280244725,0.1813765705073601,0.17897217713717056,0.1799022608605734,0.17751741147189382,0.04103682753583949
19,3.019557322400331,0.1935543781425378,0.19540551808856937,0.1925747436062488,0.19441651439907373,0.1915951090699598,0.1934275107095781,0.12513241813797052
20,3.012330162272823,0.227813032113216,0.23186049911129192,0.22652988774511051,0.23055455760802918,0.22524674337700504,0.22924861610476643,0.009585642768776525
21,2.9844174854578784,0.17984790415564128,0.17882329048564863,0.17760616921038302,0.17659432695566038,0.17536443426512477,0.17436536342567213,0.004065900882247004
22,2.991595556217686,0.2346075743324934,0.2336662094332826,0.2325804058087062,0.23164717494054068,0.230553237284919,0.22962814044779875,0.013500244145712118
23,3.0208312173776353,0.23215726696026817,0.2302683711396156,0.23030893613651274,0.2284350788473431,0.22846060531275728,0.22660178655507057,0.05562247484834854
24,2.9584667226047143,0.19400254392561941,0.19593700977881065,0.19267386507882542,0.19459508221987623,0.19134518623203142,0.1932531546609418,0.02112414008413079
25,2.975980678006198,0.1996381559403614,0.19997258138824509,0.19852357371559046,0.19885613206217795,0.19740899149081947,0.19773968273611078,0.0034189843314304928
26,2.9348855010648185,0.1940470115595814,0.1969599489312082,0.1919424905659924,0.194823835913592,0.1898379695724034,0.19268772289597577,0.006168538020208137
27,2.9678543041552383,0.19615511494781102,0.18798429570436323,0.1951883316363315,0.18705778364294917,0.19422154832485197,0.18613127158153508,0.017369189286273585
28,2.985546708798113,0.2176232130912148,0.2163148542124797,0.2163404079128927,0.21503976130676355,0.2150576027345706,0.21376466840104744,0.07161988459566287
29,3.0261316083643393,0.21942567661900558,0.20385000689274702,0.21760262142770967,0.20215635909802332,0.21577956623641373,0.20046271130329962,0.05303430537283589
30,3.0117892231681442,0.17933662724641197,0.18188404004222358,0.17771352512784194,0.1802378823372447,0.17609042300927188,0.17859172463226577,0.03159786734678523
31,2.9990996610469876,0.21685504158221147,0.22338415211100957,0.2157603719265608,0.22225652394481601,0.21466570227091014,0.22112889577862246,0.030204479697632472
32,2.9938857935943965,0.18181545160803428,0.1760301355011028,0.18061790090441396,0.17487069052124382,0.17942035020079364,0.17371124554138487,0.0038333305703506263
33,2.9354592868367617,0.1751448074320624,0.17932181508725387,0.17395099248054283,0.17809952898512188,0.17275717752902328,0.17687724288298992,0.08597301241466158
34,2.990202902733931,0.19363913242436376,0.18637624643212233,0.19168015093471166,0.1844907410990824,0.18972116944505957,0.18260523576604246,0.09892126570015351
35,3.0267821646484188,0.2024241859768792,0.20673606343333217,0.2014329539355218,0.20572371696302147,0.2004417218941644,0.20471137049271074,0.005827189032090324
36,3.0076890888825667,0.2163168772113276,0.22040167931576962,0.21457734504838874,0.21862929883913687,0.2128378128854499,0.21685691836250415,0.004461577805918136
37,3.0634820467680792,0.22762813351901123,0.23189959210125258,0.22552866405074617,0.22976072593478622,0.22342919458248112,0.22762185976831986,0.016230156971210715
38,3.012005439017972,0.19728868557343054,0.19692751436508418,0.19531922527492832,0.19496165950575722,0.1933497649764261,0.19299580464643024,0.05032023660720335
39,2.9619985718640467,0.1985118479575611,0.1939125204611667,0.19803943574969687,0.1934510535871937,0.19756702354183261,0.19298958671322067,0.01612586776173444
40,2.9937813754432923,0.19684550025669167,0.19386896282986463,0.19495639309361348,0.1920084212076134,0.19306728593053527,0.1901478795853622,0.01303802936624557
41,2.9870665957510107,0.19711437741092022,0.20199649253953006,0.19513287858647843,0.19996591609063896,0.1931513797620366,0.19793533964174784,0.0030869781553880832
42,2.967998754237065,0.19991750980022807,0.19688544354515897,0.19847606281160504,0.19546585838733324,0.19703461582298204,0.19404627322950757,0.013843237851129161
43,3.009837360028584,0.19063495825522314,0.19823111797147439,0.18857375896907158,0.19608778685007114,0.18651255968292002,0.1939444557286679,0.06598576416624127
44,3.0056664846924566,0.1912973837319279,0.20043076792195044,0.18978179326015712,0.19884281644981794,0.18826620278838635,0.19725486497768546,0.0009757255004645203
45,3.0302979719058465,0.19585935053931583,0.20172495411219385,0.1947450380499708,0.20057727014836568,0.19363072556062572,0.1994295861845375,0.04465805306369581
46,2.9780102559304757,0.19670372991665538,0.19736343015707652,0.19472942290264672,0.1953825017596688,0.19275511588863808,0.19340157336226105,0.04354087963459251
47,2.98681272998404,0.20376660399423133,0.20713120608394153,0.20205555495388847,0.20539190413530123,0.2003445059135456,0.2036526021866609,0.011774223301055264
48,2.994643290210263,0.24481836746664976,0.2382047464479825,0.24302588832067595,0.23646069004854528,0.24123340917470215,0.23471663364910805,0.02908745824192642
49,3.011542458428198,0.19352009433094608,0.1911497938433017,0.19207269668959334,0.1897201244246794,0.1906252990482406,0.1882904550060571,0.03245908128330576
50,2.981448488953175,0.22396391522335649,0.22637381717382365,0.22334043931405156,0.2257436325239236,0.22271696340474662,0.22511344787402351,0.0041019763224288555
51,3.0431364385122417,0.19386273896884743,0.1917514283828162,0.19211097344928593,0.19001874090323995,0.19035920792972444,0.1882860534236637,0.0007918906978500472
52,2.9768889787309685,0.157512100721107,0.15590964061085918,0.1564072314851071,0.15481601183746266,0.15530236224910723,0.15372238306406613,0.016014704708245876
53,3.0548788837484366,0.23475911115529682,0.22960372721247493,0.23193087927622325,0.2268376041953075,0.2291026473971497,0.2240714811781401,0.135540844414248
54,3.01002571366919,0.17026687403778662,0.1649652217678459,0.16881289424744061,0.16355651499551646,0.16735891445709458,0.16214780822318697,0.027488437433335844
55,3.0071909406136146,0.21675017707083044,0.21481591368725048,0.21506272888022637,0.21314352416599044,0.21337528068962228,0.2114711346447304,0.006442874816703375
56,3.031478226620306,0.18894865799205796,0.17811535787420685,0.18752409337620748,0.1767724701338885,0.18609952876035699,0.17542958239357015,0.010616059231393506
57,2.965174987765239,0.19276549663709272,0.19480272536288748,0.19092638777303017,0.1929441800048823,0.1890872789089676,0.1910856346468771,0.006540148124757495
58,3.0050424858668445,0.21697302583196706,0.20990321972299664,0.21555601700463936,0.20853238243070418,0.21413900817731166,0.20716154513841176,0.024073354935075758
59,3.0075738567435732,0.22624730827944195,0.23108224844105488,0.22537767909748765,0.23019403514824632,0.22450804991553336,0.2293058218554378,0.006216096651177264
60,3.0396068093750053,0.23356022701868198,0.2341549620155689,0.23165258801490715,0.23224246542242002,0.22974494901113232,0.23032996882927112,6.163817887668809e-05
